[organise.jpg]
filters=finetune2=1,0.608187,0.000000,0.227368,00000000,1.000000;
moddate=86c041456436d101
width=732
height=370
textactive=0
